obsDate,active,recovered,deaths
2022-12-26 08:00:00,3428,44143179,530695
2022-12-27 08:00:00,3421,44143342,530696
2022-12-28 08:00:00,3468,44143483,530696
2022-12-29 08:00:00,3552,44143665,530698
2022-12-30 08:00:00,3609,44143850,530699
2022-12-31 08:00:00,3653,44144029,530702
2023-01-01 08:00:00,2706,44145238,530705
2023-01-01 08:00:00,2706,44145238,530705
2023-01-03 08:00:00,2582,44145667,530707
2023-01-04 08:00:00,2570,44145854,530707
2023-01-05 08:00:00,2554,44146055,530710
2023-01-06 08:00:00,2503,44146330,530714
2023-01-07 08:00:00,2509,44146534,530718
2023-01-08 08:00:00,2423,44146781,530720
2023-01-09 08:00:00,2371,44147002,530721
2023-01-10 08:00:00,2319,44147174,530722
2023-01-11 08:00:00,2342,44147322,530722
2023-01-12 08:00:00,2309,44147551,530723
2023-01-13 08:00:00,2257,44147775,530725
2023-01-14 08:00:00,2227,44147983,530726
2023-01-15 08:00:00,2149,44148165,530726
2023-01-16 08:00:00,2119,44148309,530726
2023-01-17 08:00:00,2035,44148472,530726
2023-01-18 08:00:00,1998,44148645,530728
2023-01-19 08:00:00,1962,44148815,530728
2023-01-20 08:00:00,1946,44148976,530728
2023-01-21 08:00:00,1940,44149111,530730
2023-01-22 08:00:00,1960,44149228,530733
2023-01-23 08:00:00,1934,44149346,530735
2023-01-24 08:00:00,1931,44149436,530737
2023-01-25 08:00:00,1922,44149547,530737
2023-01-26 08:00:00,1906,44149694,530738
2023-01-26 08:00:00,1906,44149694,530738
2023-01-28 08:00:00,1842,44149949,530739
2023-01-29 08:00:00,1842,44150057,530740
2023-01-30 08:00:00,1848,44150131,530740
2023-01-31 08:00:00,1755,44150289,530740
2023-02-01 08:00:00,1783,44150372,530740
2023-02-02 08:00:00,1763,44150519,530741
2023-02-03 08:00:00,1764,44150617,530741
2023-02-04 08:00:00,1792,44150713,530745
2023-02-05 08:00:00,1817,44150801,530745
2023-02-06 08:00:00,1817,44150892,530745
2023-02-07 08:00:00,1771,44151027,530745
2023-02-08 08:00:00,1785,44151108,530746
2023-02-09 08:00:00,1781,44151219,530748
2023-02-10 08:00:00,1797,44151315,530750
2023-02-10 08:00:00,1797,44151315,530750
2023-02-12 08:00:00,1843,44151525,530750
2023-02-12 08:00:00,1843,44151525,530750
2023-02-14 08:00:00,1818,44151703,530753
2023-02-15 08:00:00,1823,44151797,530756
2023-02-16 08:00:00,1835,44151910,530757
2023-02-17 08:00:00,1862,44152039,530757
2023-02-18 08:00:00,1867,44152151,530757
2023-02-19 08:00:00,1899,44152258,530760
2023-02-20 08:00:00,1916,44152360,530761
2023-02-21 08:00:00,1921,44152450,530761
2023-02-22 08:00:00,1935,44152560,530762
2023-02-23 08:00:00,2000,44152687,530763
2023-02-24 08:00:00,2016,44152839,530764
2023-02-25 08:00:00,2090,44152945,530764
2023-02-26 08:00:00,2149,44153099,530769
2023-02-27 08:00:00,2229,44153203,530770
2023-02-28 08:00:00,2257,44153343,530771
2023-03-01 08:00:00,2335,44153504,530772
2023-03-03 08:00:00,2525,44153865,530772
2023-03-04 08:00:00,2686,44154035,530775
2023-03-05 08:00:00,2791,44154254,530775
2023-03-06 08:00:00,2901,44154425,530775
2023-03-07 08:00:00,2970,44154622,530775
2023-03-08 08:00:00,3076,44154842,530775
2023-03-09 08:00:00,3177,44155119,530776
2023-03-10 08:00:00,3294,44155439,530779
2023-03-11 08:00:00,3406,44155782,530780
2023-03-12 08:00:00,3618,44156093,530781
2023-03-13 08:00:00,3809,44156345,530782
2023-03-14 08:00:00,3903,44156651,530784
2023-03-15 08:00:00,4197,44156970,530789
2023-03-16 08:00:00,4623,44157297,530790
2023-03-17 08:00:00,5026,44157685,530795
2023-03-18 08:00:00,5389,44158161,530799
2023-03-19 08:00:00,5915,44158703,530802
2023-03-20 08:00:00,6350,44159182,530806
2023-03-21 08:00:00,6559,44159617,530808
2023-03-22 08:00:00,7026,44160279,530813
2023-03-23 08:00:00,7605,44160997,530816
2023-03-24 08:00:00,7927,44161922,530818
2023-03-25 08:00:00,8601,44162832,530824
2023-03-26 08:00:00,9433,44163883,530831
2023-03-27 08:00:00,10300,44164815,530837
2023-03-28 08:00:00,10981,44165703,530841
2023-03-29 08:00:00,11903,44166925,530848
2023-03-30 08:00:00,13509,44168321,530862
2023-03-31 08:00:00,15208,44169711,530867
2023-04-01 08:00:00,16354,44171551,530876
2023-04-02 08:00:00,18389,44173335,530881
2023-04-03 08:00:00,20219,44175135,530892
2023-04-16 08:00:00,57542,44229459,531114
2023-04-17 08:00:00,60313,44235772,531141
2023-04-18 08:00:00,61233,44242474,531152
2023-04-19 08:00:00,63562,44250649,531190
2023-04-24 08:00:00,65683,44301865,531345
2023-04-25 08:00:00,63380,44311078,531369
2023-04-26 08:00:00,61013,44323045,531398
2023-04-27 08:00:00,57410,44335977,531424
2023-04-28 08:00:00,53852,44347024,531468
2023-04-29 08:00:00,51314,44356693,531508
2023-04-30 08:00:00,49015,44364841,531533
2023-05-04 08:00:00,36244,44392828,531606
2023-05-05 08:00:00,33232,44399415,531642
2023-05-06 08:00:00,30041,44405550,531659
2023-05-07 08:00:00,27212,44410738,531680
2023-05-08 08:00:00,25178,44414599,531692
2023-05-09 08:00:00,22742,44418351,531707
2023-05-10 08:00:00,21406,44421781,531722
2023-05-11 08:00:00,19613,44425250,531736
2023-05-12 08:00:00,18009,44428417,531753
2023-05-13 08:00:00,16498,44431137,531767
2023-05-14 08:00:00,15515,44433389,531770
2023-05-15 08:00:00,14493,44435204,531778
2023-05-16 08:00:00,13037,44437304,531790
2023-05-17 08:00:00,11393,44439965,531794
2023-05-18 08:00:00,10179,44442065,531814
2023-05-19 08:00:00,9092,44444013,531818
2023-05-20 08:00:00,8675,44445206,531824
2023-05-21 08:00:00,8115,44446514,531832
2023-05-22 08:00:00,7623,44447472,531839
2023-05-23 08:00:00,7104,44448392,531843
2023-05-24 08:00:00,6591,44449451,531849
2023-05-25 08:00:00,6168,44450404,531854
2023-05-26 08:00:00,5707,44451353,531856
2023-05-27 08:00:00,5259,44452223,531859
2023-05-28 08:00:00,4972,44452908,531864
2023-05-29 08:00:00,4709,44453479,531866
2023-05-30 08:00:00,4503,44453908,531867
2023-05-31 08:00:00,4222,44454496,531870
2023-06-01 08:00:00,3925,44455079,531872
2023-06-02 08:00:00,3736,44455533,531874
2023-06-03 08:00:00,3502,44456000,531878
2023-06-04 08:00:00,3343,44456359,531880
2023-06-05 08:00:00,3193,44456681,531882
2023-06-06 08:00:00,3001,44456995,531884
2023-06-06 08:00:00,3001,44456995,531884
2023-06-08 08:00:00,2687,44457720,531886
2023-06-09 08:00:00,2555,44458019,531888
2023-06-10 08:00:00,2501,44458259,531888
2023-06-10 08:00:00,2501,44458259,531888
